{
 "cells": [
  {
   "cell_type": "code",
   "execution_count": 14,
   "metadata": {
    "collapsed": false,
    "inputHidden": false,
    "outputHidden": false
   },
   "outputs": [
    {
     "data": {
      "text/html": [
       "<script type=\"text/javascript\">window.PlotlyConfig = {MathJaxConfig: 'local'};</script><script type=\"text/javascript\">if (window.MathJax) {MathJax.Hub.Config({SVG: {font: \"STIX-Web\"}});}</script><script>requirejs.config({paths: { 'plotly': ['https://cdn.plot.ly/plotly-latest.min']},});if(!window._Plotly) {require(['plotly'],function(plotly) {window._Plotly=plotly;});}</script>"
      ],
      "text/vnd.plotly.v1+html": [
       "<script type=\"text/javascript\">window.PlotlyConfig = {MathJaxConfig: 'local'};</script><script type=\"text/javascript\">if (window.MathJax) {MathJax.Hub.Config({SVG: {font: \"STIX-Web\"}});}</script><script>requirejs.config({paths: { 'plotly': ['https://cdn.plot.ly/plotly-latest.min']},});if(!window._Plotly) {require(['plotly'],function(plotly) {window._Plotly=plotly;});}</script>"
      ]
     },
     "metadata": {},
     "output_type": "display_data"
    },
    {
     "data": {
      "application/vnd.plotly.v1+json": {
       "config": {
        "linkText": "Export to plot.ly",
        "plotlyServerURL": "https://plot.ly",
        "showLink": false,
        "toImageButtonOptions": {
         "filename": "ackley",
         "format": "png",
         "height": 2000,
         "width": 2000
        }
       },
       "data": [
        {
         "type": "surface",
         "uid": "5c42255f-9d81-46b8-886e-afd9d9fe93b2",
         "z": [
          [
           -19.00425863264272,
           -19.159564889109664,
           -19.608788225145872,
           -20.01847008065152,
           -20.22530496456535,
           -20.21698273093065,
           -20.006589078451096,
           -19.58369962990965,
           -18.963292280915162,
           -18.311344552647693,
           -17.963973036856544,
           -18.119629641409432,
           -18.584455241229648,
           -19.02672125941452,
           -19.284439231638096,
           -19.34604881098141,
           -19.22468091222302,
           -18.909149579983367,
           -18.412813927962205,
           -17.899188932885256,
           -17.70116721744346,
           -18.013363414430252,
           -18.63767070180194,
           -19.237942574152495,
           -19.647858193931295,
           -19.851858336489425,
           -19.859626053424766,
           -19.657246495733666,
           -19.256173872725007,
           -18.818878485099,
           -18.678038349760463,
           -19.02879693713567,
           -19.674192053400034,
           -20.27968698339254,
           -20.680879855422024,
           -20.86429297094857,
           -20.841726630127013,
           -20.60131763833464,
           -20.156432074356964,
           -19.671263744359724,
           -19.479999364153116,
           -19.779067595083767,
           -20.372572441320727,
           -20.926837983572334,
           -21.27813692347387,
           -21.413501937149668,
           -21.345102338772328,
           -21.061324831761503,
           -20.57568702678883,
           -20.052454637623917
          ],
          [
           -19.159564889109664,
           -19.280463608078268,
           -19.666876728621883,
           -20.01575208570394,
           -20.17875056457816,
           -20.144846467390018,
           -19.926180219457482,
           -19.513618511121518,
           -18.92122068337812,
           -18.300400285757892,
           -17.957315634160018,
           -18.073081872965805,
           -18.472286064889296,
           -18.854212307028735,
           -19.072381665085764,
           -19.116938812712405,
           -19.000308267926997,
           -18.712602212572992,
           -18.266003951806823,
           -17.808934601382514,
           -17.64354501682422,
           -17.946121446214697,
           -18.535870866409038,
           -19.10646837999374,
           -19.505941123111565,
           -19.719387969797342,
           -19.754926449728455,
           -19.599321950268056,
           -19.262504339004902,
           -18.89177154262876,
           -18.78922628320967,
           -19.132049963093632,
           -19.741103236462685,
           -20.312262544319733,
           -20.696092418569094,
           -20.880372949614593,
           -20.87588684336608,
           -20.67192701697219,
           -20.280729877026342,
           -19.851629805798197,
           -19.688474885861922,
           -19.969901028094814,
           -20.517947582162545,
           -21.02941818285521,
           -21.355582267691126,
           -21.48473343060589,
           -21.428006809846185,
           -21.174915043392474,
           -20.737807137200285,
           -20.266045417545932
          ],
          [
           -19.608788225145872,
           -19.666876728621883,
           -19.928970919232583,
           -20.15912601034244,
           -20.24198254229011,
           -20.16923788247678,
           -19.950771047729873,
           -19.58005400197769,
           -19.068798249530527,
           -18.535870866409038,
           -18.220830960114334,
           -18.266003951806823,
           -18.53615101367256,
           -18.79847298883496,
           -18.940220787814937,
           -18.954870277059904,
           -18.85296521032271,
           -18.627301449902305,
           -18.287440053860994,
           -17.948612485425098,
           -17.845381923335417,
           -18.11397237273865,
           -18.612300248859654,
           -19.100412668309158,
           -19.458562140178806,
           -19.673830716580227,
           -19.751363504524775,
           -19.679846728784025,
           -19.466190537683037,
           -19.22446808537492,
           -19.189481690468135,
           -19.498892065417923,
           -20.012981719918354,
           -20.494797340868345,
           -20.82793756241066,
           -21.002926444760483,
           -21.0282481521988,
           -20.895682773953393,
           -20.614900092007797,
           -20.302354554283703,
           -20.194841977054807,
           -20.431643770967113,
           -20.874320885772295,
           -21.286895178192278,
           -21.55367937805767,
           -21.66569238283373,
           -21.631733114676507,
           -21.443751629929896,
           -21.111473740533416,
           -20.751322333142582
          ],
          [
           -20.01847008065152,
           -20.01575208570394,
           -20.15912601034244,
           -20.27541451592363,
           -20.280087494847642,
           -20.1673614516448,
           -19.94498399289716,
           -19.608873345266247,
           -19.168583610416185,
           -18.712602212572992,
           -18.418287548375197,
           -18.391847233612317,
           -18.535882456691567,
           -18.68143917926463,
           -18.74763217834364,
           -18.731332048491865,
           -18.641543512283196,
           -18.473705522930118,
           -18.234944370244445,
           -18.00933223544015,
           -17.967979416505194,
           -18.209351340775005,
           -18.62730144990231,
           -19.043709977396425,
           -19.36873609554199,
           -19.591112702492477,
           -19.713052449708325,
           -19.724941359878404,
           -19.630810331868005,
           -19.51361851112151,
           -19.545187109281265,
           -19.826213126586108,
           -20.25391129217484,
           -20.654236352728958,
           -20.941746707325642,
           -21.109575085928793,
           -21.164092090937995,
           -21.0994399010586,
           -20.922916516262653,
           -20.72022927088966,
           -20.665439912347413,
           -20.861016040541838,
           -21.20552542532093,
           -21.525916638234644,
           -21.737441093181044,
           -21.833678535498215,
           -21.821249807841287,
           -21.694393356817972,
           -21.46038577306615,
           -21.204825453994847
          ],
          [
           -20.22530496456535,
           -20.17875056457816,
           -20.24198254229011,
           -20.280087494847642,
           -20.227302114940276,
           -20.0793399070758,
           -19.842643965061868,
           -19.514682044539242,
           -19.10382363234715,
           -18.680230132087605,
           -18.38361229679287,
           -18.29859167006421,
           -18.351485344654836,
           -18.413033184736797,
           -18.42254155194004,
           -18.379635768390504,
           -18.292924285705663,
           -18.159783694394843,
           -17.985900864857218,
           -17.836077405771107,
           -17.842181486841927,
           -18.078966181067297,
           -18.46151829746076,
           -18.848782126939195,
           -19.168552566312957,
           -19.410050574617202,
           -19.573304321968592,
           -19.649467648188573,
           -19.640648262831107,
           -19.610718873230894,
           -19.693010740964827,
           -19.965670180497803,
           -20.348533943618126,
           -20.706064794531187,
           -20.971820146214082,
           -21.140614005346865,
           -21.2176112933288,
           -21.198477974099273,
           -21.089137716330082,
           -20.956582097124077,
           -20.936609192197963,
           -21.109250921557766,
           -21.395730263724015,
           -21.661479684455276,
           -21.84068759509323,
           -21.928529882666883,
           -21.93032430226783,
           -21.84173109550787,
           -21.668551189343287,
           -21.477569954106205
          ],
          [
           -20.21698273093065,
           -20.144846467390018,
           -20.16923788247678,
           -20.1673614516448,
           -20.0793399070758,
           -19.901273822227964,
           -19.639158976816205,
           -19.291027331146122,
           -18.865071117331258,
           -18.42595572626874,
           -18.101917702881558,
           -17.971498142560595,
           -17.969701493156304,
           -17.98127364947426,
           -17.95336690509835,
           -17.887799184319007,
           -17.794112131628,
           -17.670938814490377,
           -17.52359927016822,
           -17.410252385636976,
           -17.449247058891487,
           -17.706485370833853,
           -18.10249248495487,
           -18.506774100465993,
           -18.851624497906357,
           -19.125497316291295,
           -19.32704326697285,
           -19.44721364330061,
           -19.487242393060182,
           -19.504774237144783,
           -19.620799326908106,
           -19.906307804121642,
           -20.288511370470427,
           -20.644367195402776,
           -20.91368215783991,
           -21.091967323239583,
           -21.184153045667227,
           -21.186536142077433,
           -21.104730010735114,
           -20.999842746212643,
           -20.995508245852772,
           -21.16465752760337,
           -21.43586004495857,
           -21.68696004624687,
           -21.85828072989977,
           -21.945564158371514,
           -21.953757373392385,
           -21.879017293211735,
           -21.72670688783889,
           -21.55760944242185
          ],
          [
           -20.006589078451096,
           -19.926180219457482,
           -19.950771047729873,
           -19.94498399289716,
           -19.842643965061868,
           -19.639158976816205,
           -19.340847006644022,
           -18.945327774215162,
           -18.46151829746076,
           -17.96065611642113,
           -17.58418664743548,
           -17.41921958278066,
           -17.39532696524269,
           -17.387147491298084,
           -17.33822733831738,
           -17.252286575131627,
           -17.14128009428267,
           -17.00460151612539,
           -16.84823927561806,
           -16.73552112816521,
           -16.7953534891177,
           -17.098574729752013,
           -17.556018284698467,
           -18.02257274999178,
           -18.42254155194004,
           -18.74239777855151,
           -18.980191381103328,
           -19.125794068724378,
           -19.18060493270751,
           -19.208226975225926,
           -19.342036096860287,
           -19.660433297544927,
           -20.08363859741524,
           -20.476566357190343,
           -20.77325144372294,
           -20.968982667113192,
           -21.069379045793056,
           -21.070529406591053,
           -20.978743756670205,
           -20.861361714245742,
           -20.854491592371375,
           -21.03843961983289,
           -21.33466980158929,
           -21.60882535426638,
           -21.795278264219885,
           -21.889363842667233,
           -21.896537969435084,
           -21.812580336422993,
           -21.64339502279621,
           -21.455856377917915
          ],
          [
           -19.58369962990965,
           -19.513618511121518,
           -19.58005400197769,
           -19.608873345266247,
           -19.514682044539242,
           -19.291027331146122,
           -18.945327774215162,
           -18.473705522930114,
           -17.88669301458074,
           -17.274809988215832,
           -16.81878752960744,
           -16.629777667129016,
           -16.6169759112709,
           -16.619472090360905,
           -16.56527960170408,
           -16.4599966041151,
           -16.319850703091202,
           -16.144671783428432,
           -15.942244981537069,
           -15.793428277942885,
           -15.862917909216863,
           -16.240797302042566,
           -16.81194469479616,
           -17.389823696955055,
           -17.877476217249704,
           -18.25813841874222,
           -18.530146861239775,
           -18.681439179264633,
           -18.714748906533934,
           -18.712602212572985,
           -18.846995570361123,
           -19.219200213075535,
           -19.727243646876513,
           -20.198015062524203,
           -20.547047677416426,
           -20.76843555825212,
           -20.869463568172268,
           -20.84512191328283,
           -20.703481181157013,
           -20.53094326993738,
           -20.502188107450262,
           -20.720229270889668,
           -21.08411386931023,
           -21.42120935356537,
           -21.647131848573768,
           -21.755777737244063,
           -21.754042143784176,
           -21.63640068670209,
           -21.410334757472757,
           -21.1616194135451
          ],
          [
           -18.963292280915162,
           -18.92122068337812,
           -19.068798249530527,
           -19.168583610416185,
           -19.10382363234715,
           -18.865071117331258,
           -18.46151829746076,
           -17.88669301458074,
           -17.153474886345016,
           -16.38345980878268,
           -15.820988947432951,
           -15.615675419929527,
           -15.642332366644982,
           -15.680815832078453,
           -15.632802049818315,
           -15.506304196119753,
           -15.324169199581931,
           -15.086787922650402,
           -14.804868427618938,
           -14.588064696356152,
           -14.659948675749082,
           -15.142669119791927,
           -15.879454933358682,
           -16.6169759112709,
           -17.22451872745344,
           -17.68096956499153,
           -17.98590086485722,
           -18.124640689116223,
           -18.102463938554916,
           -18.03306242629258,
           -18.151713450801946,
           -18.597096386040352,
           -19.230823407921296,
           -19.81741646932875,
           -20.24198254229011,
           -20.49651421806144,
           -20.590880169166415,
           -20.518136826483094,
           -20.28911162646811,
           -20.021296390799996,
           -19.95240802679496,
           -20.222540026973267,
           -20.6939653912928,
           -21.131327637427216,
           -21.419480409540753,
           -21.549912009795836,
           -21.531827856726593,
           -21.35752944753825,
           -21.0370460470812,
           -20.687062300391002
          ],
          [
           -18.311344552647693,
           -18.300400285757892,
           -18.535870866409038,
           -18.712602212572992,
           -18.680230132087605,
           -18.42595572626874,
           -17.96065611642113,
           -17.274809988215832,
           -16.38345980878268,
           -15.441011401061921,
           -14.75938533067643,
           -14.529027881977905,
           -14.58806469635615,
           -14.653647615274423,
           -14.600602380352196,
           -14.441451851269345,
           -14.208228171276893,
           -13.903443158157202,
           -13.541172010624177,
           -13.260683658795493,
           -13.346446740668506,
           -13.95280807591667,
           -14.876969519249155,
           -15.79342827794288,
           -16.53520438269008,
           -17.07671749799979,
           -17.419219582780666,
           -17.54564945039467,
           -17.464361928983926,
           -17.322647967002382,
           -17.423628441456106,
           -17.946121446214697,
           -18.71295182039285,
           -19.422087565220192,
           -19.926180219457482,
           -20.21500976943411,
           -20.30122386824591,
           -20.175821347723268,
           -19.85257718894113,
           -19.482198801862857,
           -19.369749687513817,
           -19.694934942653944,
           -20.28072987702635,
           -20.824754318899835,
           -21.178987305271463,
           -21.332337882689597,
           -21.296473980021023,
           -21.061368782933563,
           -20.6397689373289,
           -20.18137978770233
          ],
          [
           -17.963973036856544,
           -17.957315634160018,
           -18.220830960114334,
           -18.418287548375197,
           -18.38361229679287,
           -18.101917702881558,
           -17.58418664743548,
           -16.81878752960744,
           -15.820988947432951,
           -14.75938533067643,
           -13.97611576175596,
           -13.680351171881268,
           -13.694959251953335,
           -13.711802258149566,
           -13.59887566247334,
           -13.378062709123054,
           -13.0933464028664,
           -12.753777636431737,
           -12.375852134181095,
           -12.108031386312575,
           -12.254988369830942,
           -12.977940312947398,
           -14.047165611864878,
           -15.100645502699345,
           -15.953095857145168,
           -16.576372357767177,
           -16.97272052326675,
           -17.1246055768421,
           -17.042519895459513,
           -16.889718925551904,
           -17.000739742427303,
           -17.57318248417066,
           -18.412813927962205,
           -19.187884206239712,
           -19.73670075400089,
           -20.048337198832137,
           -20.136944167394425,
           -19.992789639847445,
           -19.631149605826867,
           -19.217914331292842,
           -19.088767106811165,
           -19.44144980542953,
           -20.08121392321666,
           -20.675382909642376,
           -21.06109755100044,
           -21.226143003143047,
           -21.183339777380183,
           -20.92163739361963,
           -20.455039400309172,
           -19.94823074291049
          ],
          [
           -18.119629641409432,
           -18.073081872965805,
           -18.266003951806823,
           -18.391847233612317,
           -18.29859167006421,
           -17.971498142560595,
           -17.41921958278066,
           -16.629777667129016,
           -15.615675419929527,
           -14.529027881977905,
           -13.680351171881268,
           -13.26068365879548,
           -13.112465098892466,
           -12.963134053154572,
           -12.705782228544292,
           -12.378994268285522,
           -12.043630814667083,
           -11.723476507011641,
           -11.436067548156025,
           -11.304462236152586,
           -11.585503155409866,
           -12.405696604870197,
           -13.541172010624177,
           -14.653647615274426,
           -15.570101979630156,
           -16.26334561222228,
           -16.73552112816521,
           -16.971653208802707,
           -16.982602111095574,
           -16.918166840464547,
           -17.083779395490737,
           -17.66029457550885,
           -18.472286064889285,
           -19.219200213075514,
           -19.754926449728448,
           -20.070275494236142,
           -20.178750564578152,
           -20.072059609586063,
           -19.764565124026365,
           -19.40746145431248,
           -19.30621601940381,
           -19.6408693598336,
           -20.23467574445807,
           -20.785487333350993,
           -21.1454769628747,
           -21.303715592874713,
           -21.272006639324502,
           -21.040436838417385,
           -20.62184814657192,
           -20.166026027007746
          ],
          [
           -18.584455241229648,
           -18.472286064889296,
           -18.53615101367256,
           -18.535882456691567,
           -18.351485344654836,
           -17.969701493156304,
           -17.39532696524269,
           -16.6169759112709,
           -15.642332366644982,
           -14.58806469635615,
           -13.694959251953335,
           -13.112465098892466,
           -12.721985841778725,
           -12.321647501537491,
           -11.848651773450095,
           -11.366174894036606,
           -10.963248323507115,
           -10.69235728851163,
           -10.572941341210012,
           -10.674374449821181,
           -11.15524528686082,
           -12.077107880714562,
           -13.241031656272632,
           -14.370245455001939,
           -15.324169199581934,
           -16.080053165916567,
           -16.640176170455327,
           -16.99449554342101,
           -17.15347488634503,
           -17.235851601437513,
           -17.48148527046316,
           -18.033062426292602,
           -18.755622092791793,
           -19.4165773088383,
           -19.90345408224418,
           -20.21025920004755,
           -20.348533943618126,
           -20.312721997037272,
           -20.11480110054068,
           -19.873217304003116,
           -19.82647977388128,
           -20.115340546007516,
           -20.602620751383434,
           -21.05342080234753,
           -21.352975764706756,
           -21.493092846141405,
           -21.483244510425013,
           -21.31595621173194,
           -21.00144531402322,
           -20.65655467208819
          ],
          [
           -19.02672125941452,
           -18.854212307028735,
           -18.79847298883496,
           -18.68143917926463,
           -18.413033184736797,
           -17.98127364947426,
           -17.387147491298084,
           -16.619472090360905,
           -15.680815832078453,
           -14.653647615274423,
           -13.711802258149566,
           -12.963134053154572,
           -12.321647501537491,
           -11.647086845436057,
           -10.915590280508864,
           -10.220339862606648,
           -9.700618788851646,
           -9.466743368890242,
           -9.546212681542382,
           -9.931811588338583,
           -10.661363153475813,
           -11.723476507011638,
           -12.942810676080969,
           -14.104476890172673,
           -15.102479605273254,
           -15.921285357070957,
           -16.565279601704084,
           -17.03024956760057,
           -17.3270103256105,
           -17.545649450394656,
           -17.864895961552474,
           -18.391847233612314,
           -19.02948641247637,
           -19.608873345266232,
           -20.049028485266316,
           -20.34695050838264,
           -20.51233858852202,
           -20.54218794834556,
           -20.44623418493969,
           -20.31226254431974,
           -20.316103293622675,
           -20.56172766609917,
           -20.948981045915886,
           -21.305897226862633,
           -21.548649350520105,
           -21.671600107568423,
           -21.68203556218624,
           -21.574759558345892,
           -21.357529447538248,
           -21.11635262259752
          ],
          [
           -19.284439231638096,
           -19.072381665085764,
           -18.940220787814937,
           -18.74763217834364,
           -18.42254155194004,
           -17.95336690509835,
           -17.33822733831738,
           -16.56527960170408,
           -15.632802049818315,
           -14.600602380352196,
           -13.59887566247334,
           -12.705782228544292,
           -11.848651773450095,
           -10.915590280508864,
           -9.897318413128202,
           -8.910490275153004,
           -8.177210505390574,
           -7.940294550385248,
           -8.255047430620689,
           -8.978450860908746,
           -10.001783736586425,
           -11.252393068299565,
           -12.576294877539462,
           -13.806291867481264,
           -14.865022883385006,
           -15.746327664526826,
           -16.459056862765795,
           -17.004601516125387,
           -17.395326965242695,
           -17.704711442106646,
           -18.074749880475245,
           -18.59122509235919,
           -19.1806049327075,
           -19.713052449708318,
           -20.126991397891796,
           -20.421370452910335,
           -20.604856166401003,
           -20.676073648717196,
           -20.64344390747532,
           -20.576064534089433,
           -20.611509061325272,
           -20.831306222544477,
           -21.157941233193498,
           -21.45791146032561,
           -21.666304256860972,
           -21.779054872824894,
           -21.80212300116084,
           -21.731711986546976,
           -21.574082620494163,
           -21.396409984631504
          ],
          [
           -19.34604881098141,
           -19.116938812712405,
           -18.954870277059904,
           -18.731332048491865,
           -18.379635768390504,
           -17.887799184319007,
           -17.252286575131627,
           -16.4599966041151,
           -15.506304196119753,
           -14.441451851269345,
           -13.378062709123054,
           -12.378994268285522,
           -11.366174894036606,
           -10.220339862606648,
           -8.910490275153004,
           -7.534037973653245,
           -6.398588493304878,
           -6.089244894966129,
           -6.768166458842009,
           -7.924947218354337,
           -9.272389630493437,
           -10.733132004540021,
           -12.189280355278107,
           -13.508474076419342,
           -14.634083569475958,
           -15.569793590790727,
           -16.33006816108526,
           -16.920748872679074,
           -17.356442697016764,
           -17.706485370833843,
           -18.101917702881558,
           -18.622276404346657,
           -19.201988223450073,
           -19.724072156799394,
           -20.133412331084177,
           -20.42976448663781,
           -20.621604142941496,
           -20.708188073825593,
           -20.697601380408248,
           -20.65301714957577,
           -20.699795750568974,
           -20.912312961333605,
           -21.22034849788716,
           -21.502761561288036,
           -21.70072749899766,
           -21.810704681399635,
           -21.83824298977552,
           -21.780007290187328,
           -21.64178904711576,
           -21.48473343060589
          ],
          [
           -19.22468091222302,
           -19.000308267926997,
           -18.85296521032271,
           -18.641543512283196,
           -18.292924285705663,
           -17.794112131628,
           -17.14128009428267,
           -16.319850703091202,
           -15.324169199581931,
           -14.208228171276893,
           -13.0933464028664,
           -12.043630814667083,
           -10.963248323507115,
           -9.700618788851646,
           -8.177210505390574,
           -6.398588493304878,
           -4.534577514907873,
           -3.9566573935561107,
           -5.395942358173862,
           -7.032741341878179,
           -8.642541397272915,
           -10.27159856845629,
           -11.848651773450097,
           -13.254289464013834,
           -14.438758455142267,
           -15.412423233314064,
           -16.194435651220292,
           -16.79285700322881,
           -17.224518727453443,
           -17.565976948770814,
           -17.961400999853566,
           -18.49814283940566,
           -19.103823632347147,
           -19.64946764818857,
           -20.074150678112165,
           -20.377321045293247,
           -20.56803225059347,
           -20.645211889288856,
           -20.617519395148108,
           -20.554241686100394,
           -20.593103629529946,
           -20.815755645236827,
           -21.14478132018036,
           -21.446757930923315,
           -21.656838028596002,
           -21.771010271740494,
           -21.795278264219885,
           -21.725881574046802,
           -21.56911096638694,
           -21.392166395440242
          ],
          [
           -18.909149579983367,
           -18.712602212572992,
           -18.627301449902305,
           -18.473705522930118,
           -18.159783694394843,
           -17.670938814490377,
           -17.00460151612539,
           -16.144671783428432,
           -15.086787922650402,
           -13.903443158157202,
           -12.753777636431737,
           -11.723476507011641,
           -10.69235728851163,
           -9.466743368890242,
           -7.940294550385248,
           -6.089244894966129,
           -3.9566573935561107,
           -3.1488228635850786,
           -4.927941901071961,
           -6.617891998136955,
           -8.248235103818029,
           -9.93181158833859,
           -11.58743176050487,
           -13.062160875066834,
           -14.289646682191746,
           -15.279911917955342,
           -16.054151102548445,
           -16.619472090360908,
           -16.994495543421017,
           -17.27480998821582,
           -17.64309855751071,
           -18.209351340775005,
           -18.87870097249156,
           -19.48382669996585,
           -19.944983992897157,
           -20.260123640862236,
           -20.439685922304164,
           -20.48124788308395,
           -20.395005408230755,
           -20.269110394545397,
           -20.279686983392555,
           -20.530943269937392,
           -20.922916516262656,
           -21.28379666887126,
           -21.529884481288935,
           -21.655647331320438,
           -21.668457465014058,
           -21.563189902589986,
           -21.34766095315888,
           -21.107926979677597
          ],
          [
           -18.412813927962205,
           -18.266003951806823,
           -18.287440053860994,
           -18.234944370244445,
           -17.985900864857218,
           -17.52359927016822,
           -16.84823927561806,
           -15.942244981537069,
           -14.804868427618938,
           -13.541172010624177,
           -12.375852134181095,
           -11.436067548156025,
           -10.572941341210012,
           -9.546212681542382,
           -8.255047430620689,
           -6.768166458842009,
           -5.395942358173862,
           -4.927941901071961,
           -5.623639089029233,
           -6.763112967085972,
           -8.129799529934054,
           -9.73840869720959,
           -11.42165161930008,
           -12.942810676080974,
           -14.19446941521858,
           -15.178655499904146,
           -15.9155968071436,
           -16.408184803347552,
           -16.676252698427025,
           -16.845391166692483,
           -17.160529138813178,
           -17.768146190915882,
           -18.53615101367255,
           -19.234150386629068,
           -19.75136350452477,
           -20.08311553187014,
           -20.241982542290106,
           -20.223226367228104,
           -20.039475907313307,
           -19.809698602430156,
           -19.772823399162615,
           -20.069942002166986,
           -20.56415164867729,
           -21.020778130918945,
           -21.32524119551055,
           -21.469499916248747,
           -21.46315204538231,
           -21.298826709530665,
           -20.986827296572724,
           -20.644068224542
          ],
          [
           -17.899188932885256,
           -17.808934601382514,
           -17.948612485425098,
           -18.00933223544015,
           -17.836077405771107,
           -17.410252385636976,
           -16.73552112816521,
           -15.793428277942885,
           -14.588064696356152,
           -13.260683658795493,
           -12.108031386312575,
           -11.304462236152586,
           -10.674374449821181,
           -9.931811588338583,
           -8.978450860908746,
           -7.924947218354337,
           -7.032741341878179,
           -6.617891998136955,
           -6.763112967085972,
           -7.331646065955933,
           -8.331922714401264,
           -9.782527323282961,
           -11.436067548156036,
           -12.963134053154587,
           -14.208228171276897,
           -15.16160416826107,
           -15.840188910418185,
           -16.240797302042562,
           -16.3834598087827,
           -16.425043475330916,
           -16.67642128590596,
           -17.32264796700241,
           -18.191554512242707,
           -18.985127846711656,
           -19.55925085321363,
           -19.90630780412164,
           -20.041051253912304,
           -19.956186575365034,
           -19.666876728621897,
           -19.324961597421616,
           -19.236431563810225,
           -19.581752621594998,
           -20.184526521298178,
           -20.742890254437715,
           -21.10925092155776,
           -21.2728727597079,
           -21.245719109573766,
           -21.01800939245258,
           -20.602695926697056,
           -20.14965618503803
          ],
          [
           -17.70116721744346,
           -17.64354501682422,
           -17.845381923335417,
           -17.967979416505194,
           -17.842181486841927,
           -17.449247058891487,
           -16.7953534891177,
           -15.862917909216863,
           -14.659948675749082,
           -13.346446740668506,
           -12.254988369830942,
           -11.585503155409866,
           -11.15524528686082,
           -10.661363153475813,
           -10.001783736586425,
           -9.272389630493437,
           -8.642541397272915,
           -8.248235103818029,
           -8.129799529934054,
           -8.331922714401264,
           -9.023767278119472,
           -10.274504512276991,
           -11.81199677313619,
           -13.262625581262578,
           -14.444165250115505,
           -15.337017121297215,
           -15.953095857145172,
           -16.28385447903534,
           -16.34749941386742,
           -16.313659275744932,
           -16.52203725207312,
           -17.174383142458503,
           -18.079784903275197,
           -18.909149579983353,
           -19.50291307673348,
           -19.851858336489425,
           -19.97151286287354,
           -19.85325742217316,
           -19.513270443008174,
           -19.118176553021673,
           -19.00425863264272,
           -19.369749687513835,
           -20.020304748984408,
           -20.623579800320783,
           -21.016990413040883,
           -21.18854940298683,
           -21.151266363494052,
           -20.894248220446922,
           -20.431629845083652,
           -19.928205969836423
          ],
          [
           -18.013363414430252,
           -17.946121446214697,
           -18.11397237273865,
           -18.209351340775005,
           -18.078966181067297,
           -17.706485370833853,
           -17.098574729752013,
           -16.240797302042566,
           -15.142669119791927,
           -13.95280807591667,
           -12.977940312947398,
           -12.405696604870197,
           -12.077107880714562,
           -11.723476507011638,
           -11.252393068299565,
           -10.733132004540021,
           -10.27159856845629,
           -9.93181158833859,
           -9.73840869720959,
           -9.782527323282961,
           -10.274504512276991,
           -11.304462236152595,
           -12.629110284181989,
           -13.903443158157206,
           -14.954557912109745,
           -15.758251694451715,
           -16.320438574486186,
           -16.62977766712902,
           -16.700294633950445,
           -16.684419031658486,
           -16.88971892555193,
           -17.49876445179686,
           -18.33750046123996,
           -19.10646837999373,
           -19.660433297544923,
           -19.99090785410042,
           -20.11195967111276,
           -20.015752085703927,
           -19.717016329936634,
           -19.367246385410287,
           -19.27215399915954,
           -19.61197960747757,
           -20.210141544856874,
           -20.76462703696119,
           -21.127720429866876,
           -21.2885849937525,
           -21.25910075514652,
           -21.0294181828552,
           -20.6124323715606,
           -20.157973182841914
          ],
          [
           -18.63767070180194,
           -18.535870866409038,
           -18.612300248859654,
           -18.62730144990231,
           -18.46151829746076,
           -18.10249248495487,
           -17.556018284698467,
           -16.81194469479616,
           -15.879454933358682,
           -14.876969519249155,
           -14.047165611864878,
           -13.541172010624177,
           -13.241031656272632,
           -12.942810676080969,
           -12.576294877539462,
           -12.189280355278107,
           -11.848651773450097,
           -11.58743176050487,
           -11.42165161930008,
           -11.436067548156036,
           -11.81199677313619,
           -12.629110284181989,
           -13.698338590858066,
           -14.746420837031925,
           -15.632802049818316,
           -16.33327415376792,
           -16.848239275618067,
           -17.16583566186715,
           -17.294938858437146,
           -17.352965277940473,
           -17.57870149262326,
           -18.113972372738655,
           -18.823128274060178,
           -19.47303235889444,
           -19.950771047729873,
           -20.24999884984204,
           -20.381973856679018,
           -20.340911314909487,
           -20.138604034908365,
           -19.893347823291776,
           -19.843529358055374,
           -20.12980047865932,
           -20.614900092007804,
           -21.063860929686168,
           -21.361862187653085,
           -21.500664828644123,
           -21.489702940754885,
           -21.321470056417088,
           -21.00615692663335,
           -20.660584172233442
          ],
          [
           -19.237942574152495,
           -19.10646837999374,
           -19.100412668309158,
           -19.043709977396425,
           -18.848782126939195,
           -18.506774100465993,
           -18.02257274999178,
           -17.389823696955055,
           -16.6169759112709,
           -15.79342827794288,
           -15.100645502699345,
           -14.653647615274426,
           -14.370245455001939,
           -14.104476890172673,
           -13.806291867481264,
           -13.508474076419342,
           -13.254289464013834,
           -13.062160875066834,
           -12.942810676080974,
           -12.963134053154587,
           -13.262625581262578,
           -13.903443158157206,
           -14.746420837031925,
           -15.587733098943971,
           -16.319850703091205,
           -16.920748872679074,
           -17.38714749129809,
           -17.707604385032504,
           -17.88669301458075,
           -18.009332235440137,
           -18.25005853649913,
           -18.712602212572996,
           -19.29725308369261,
           -19.832917952853602,
           -20.23689383512569,
           -20.504796464716183,
           -20.645211889288863,
           -20.654236352728955,
           -20.540876888689777,
           -20.39232623418116,
           -20.383931155297443,
           -20.619267043741626,
           -20.99785419398117,
           -21.347458622106462,
           -21.584032279925506,
